Parallel Hierarchical Grid (version 0.9.3).
@@@Dim=2
@@@@@@@@@@@@@@@@@@@@@@@@@@@@@@@@ Vertices
[V] 0 0 211
[V] 0 1 211
[V] 0 2 211
[V] 0 3 211
[V] 0 4 211
[V] 0 5 211
[V] 0 6 211
[V] 0 7 211
[V] 0 8 211
[V] 0 9 211
[V] 0 10 211
[V] 0 11 211
[V] 0 12 211
[V] 0 13 211
[V] 0 14 211
[V] 0 15 211
[V] 0 16 211
[V] 0 17 211
[V] 0 18 211
[V] 0 19 211
[V] 0 20 211
[V] 0 21 211
[V] 0 22 211
[V] 0 23 211
[V] 0 24 211
[V] 0 25 211
[V] 0 26 211
[V] 0 27 211
[V] 0 28 211
[V] 0 29 211
[V] 0 30 211
[V] 0 31 211
[V] 0 32 211
[V] 0 33 211
[V] 0 34 211
[V] 0 35 211
[V] 0 36 211
[V] 0 37 211
[V] 0 38 211
[V] 0 39 211
[V] 0 40 211
[V] 0 41 211
[V] 0 42 211
[V] 0 43 211
[V] 0 44 211
[V] 0 45 211
[V] 0 46 211
[V] 0 47 211
[V] 0 48 211
[V] 0 49 211
[V] 0 50 211
[V] 0 51 211
[V] 0 52 211
[V] 0 53 211
[V] 0 54 211
[V] 0 55 211
[V] 0 56 211
[V] 0 57 211
[V] 0 58 211
[V] 0 59 211
[V] 0 60 211
[V] 0 61 211
[V] 0 62 211
[V] 0 63 211
[V] 0 64 211
[V] 0 65 211
[V] 0 66 211
[V] 0 67 211
[V] 0 68 211
[V] 0 69 211
[V] 0 70 211
[V] 0 71 211
[V] 0 72 211
[V] 0 73 211
[V] 0 74 211
[V] 0 75 211
[V] 0 76 211
[V] 0 77 211
[V] 0 78 211
[V] 0 79 211
[V] 0 80 211
[V] 0 81 211
[V] 0 82 211
[V] 0 83 211
[V] 0 84 211
[V] 0 85 211
[V] 0 86 211
[V] 0 87 211
[V] 0 88 211
[V] 0 89 211
[V] 0 90 211
[V] 0 91 211
[V] 0 92 211
[V] 0 93 211
[V] 0 94 211
[V] 0 95 211
[V] 0 96 211
[V] 0 97 211
[V] 0 98 211
[V] 0 99 211
[V] 0 100 211
[V] 0 101 211
[V] 0 102 211
[V] 0 103 211
[V] 0 104 211
[V] 0 105 211
[V] 0 106 211
[V] 0 107 211
[V] 0 108 211
[V] 0 109 211
[V] 0 110 211
[V] 0 111 211
[V] 0 112 211
[V] 0 113 211
[V] 0 114 211
[V] 0 115 211
[V] 0 116 211
[V] 0 117 211
[V] 0 118 211
[V] 0 119 211
[V] 0 120 211
[V] 0 121 211
[V] 0 122 211
[V] 0 123 211
[V] 0 124 211
[V] 0 125 211
[V] 0 126 211
[V] 0 127 211
[V] 0 128 211
[V] 0 129 211
[V] 0 130 211
[V] 0 131 211
[V] 0 132 211
[V] 0 133 211
[V] 0 134 211
[V] 0 135 211
[V] 0 136 211
[V] 0 137 211
[V] 0 138 211
[V] 0 139 211
[V] 0 140 211
[V] 0 141 211
[V] 0 142 211
[V] 0 143 211
[V] 0 144 211
[V] 0 145 211
[V] 0 146 211
[V] 0 147 211
[V] 0 148 211
[V] 0 149 211
[V] 0 150 211
[V] 0 151 211
[V] 0 152 211
[V] 0 153 211
[V] 0 154 211
[V] 0 155 211
[V] 0 156 211
[V] 0 157 211
[V] 0 158 211
[V] 0 159 211
[V] 0 160 211
[V] 0 161 211
[V] 0 162 211
[V] 0 163 211
[V] 0 164 211
[V] 0 165 211
[V] 0 166 211
[V] 0 167 211
[V] 0 168 211
[V] 0 169 211
[V] 0 170 211
[V] 0 171 211
[V] 0 172 211
[V] 0 173 211
[V] 0 174 211
[V] 0 175 211
[V] 0 176 211
[V] 0 177 211
[V] 0 178 211
[V] 0 179 211
[V] 0 180 211
[V] 0 181 211
[V] 0 182 211
[V] 0 183 211
[V] 0 184 211
[V] 0 185 211
[V] 0 186 211
[V] 0 187 211
[V] 0 188 211
[V] 0 189 211
[V] 0 190 211
[V] 0 191 211
[V] 0 192 211
[V] 0 193 211
[V] 0 194 211
[V] 0 195 211
[V] 0 196 211
[V] 0 197 211
[V] 0 198 211
[V] 0 199 211
[V] 0 200 211
[V] 0 201 211
[V] 0 202 211
[V] 0 203 211
[V] 0 204 211
[V] 0 205 211
[V] 0 206 211
[V] 0 207 211
[V] 0 208 211
[V] 0 209 211
[V] 0 210 211
@@@@@@@@@@@@@@@@@@@@@@@@@@@@@@@@ Triangles
@@@@@@@@@@@@@@@@@@@@@@@@@@@@@@@@ Edges
@@@@@@@@@@@@@@@@@@@@@@@@@@@@@@@@ End
